-16 0.4023809523809524
-14 0.2785714285714286
-12 0.4642857142857143
-14 0.43333333333333335
-12 0.30952380952380953
-11 0.47820861678004534
-12 0.2646485260770975
-14 0.4642857142857143
-16 0.4642857142857143
-14 0.2785714285714286
-12 0.5412698412698412
-21 0.4801587301587302
-21 0.665124716553288
-21 0.23249433106575965
-21 1.7642857142857142
-12 2.2675736961451248E-5
-16 0.37140589569161
-12 2.2675736961451248E-5
-16 0.18569160997732426
-12 2.2675736961451248E-5
-16 0.340453514739229
-12 0.016666666666666666
-16 0.2
-12 2.2675736961451248E-5
-16 0.340453514739229
-12 2.2675736961451248E-5
-16 0.2166439909297052
-16 2.2675736961451248E-5
-12 0.340453514739229
-16 0.030952380952380953
-12 0.21666666666666667
-11 0.002630385487528345
-16 0.3687981859410431
-11 2.2675736961451248E-5
-16 0.1933106575963719
-11 0.023333333333333334
-16 0.3404761904761905
-11 2.2675736961451248E-5
-16 0.2166439909297052
-16 2.2675736961451248E-5
-11 0.340453514739229
-11 2.2675736961451248E-5
-16 0.20342403628117914
-16 0.013219954648526077
-11 0.30952380952380953
-16 0.017233560090702947
-11 0.2613378684807256
-12 0.007029478458049887
-16 0.36439909297052153
-12 2.2675736961451248E-5
-16 0.1547392290249433
-16 0.030952380952380953
-12 0.30952380952380953
-12 2.2675736961451248E-5
-16 0.2166439909297052
-16 0.030952380952380953
-12 0.37142857142857144
-16 2.2675736961451248E-5
-12 0.21079365079365078
-16 0.005850340136054422
-12 0.3404761904761905
-16 0.01689342403628118
-12 0.23072562358276644
-14 2.2675736961451248E-5
-17 0.37140589569161
-17 2.2675736961451248E-5
-14 0.18569160997732426
-14 0.017959183673469388
-17 0.384421768707483
-17 2.2675736961451248E-5
-14 0.18569160997732426
-14 2.2675736961451248E-5
-17 0.37140589569161
-14 2.2675736961451248E-5
-17 0.2371655328798186
-17 0.010430839002267574
-14 0.7738095238095238
-16 0.49523809523809526
-14 0.24761904761904763
-12 0.4642857142857143
-14 0.4642857142857143
-12 0.2785714285714286
-11 0.4553061224489796
-12 0.28755102040816327
-14 0.49523809523809526
-16 0.5261904761904762
-14 0.2785714285714286
-12 0.4642857142857143
-14 0.49523809523809526
-16 0.5160090702947846
-12 0.31970521541950114
-17 2.2675736961451248E-5
-14 1.733310657596372
-9 0.49523809523809526
-12 0.2785714285714286
-14 0.6696145124716554
-12 0.772312925170068
-9 0.6318820861678005
-11 0.5571428571428572
-12 0.2793424036281179
-14 0.5563718820861678
-16 0.5571428571428572
-14 0.2785714285714286
-12 0.5209750566893424
-14 0.53140589569161
-16 0.5309750566893424
-12 0.336984126984127
-17 0.029659863945578232
-14 1.5559410430839002
-12 0.015850340136054422
-16 0.33714285714285713
-12 0.010113378684807257
-16 0.18571428571428572
-12 2.2675736961451248E-5
-16 0.340453514739229
-12 2.2675736961451248E-5
-16 0.18569160997732426
-12 0.007868480725623583
-16 0.33997732426303856
-12 0.019886621315192744
-16 0.18941043083900228
-12 2.2675736961451248E-5
-16 0.340453514739229
-12 2.2675736961451248E-5
-16 0.2166439909297052
-11 0.00764172335600907
-16 0.38476190476190475
-16 0.009977324263038548
-11 0.15287981859410432
-11 0.0018820861678004535
-16 0.3404761904761905
-16 2.2675736961451248E-5
-11 0.2166439909297052
-11 2.2675736961451248E-5
-16 0.37140589569161
-16 2.2675736961451248E-5
-11 0.18569160997732426
-11 2.2675736961451248E-5
-16 0.40235827664399093
-11 2.2675736961451248E-5
-16 0.18569160997732426
-12 0.030952380952380953
-16 0.37142857142857144
-12 2.2675736961451248E-5
-16 0.2166439909297052
-12 2.2675736961451248E-5
-16 0.30950113378684807
-12 2.2675736961451248E-5
-16 0.2166439909297052
-12 2.2675736961451248E-5
-16 0.358843537414966
-16 0.012562358276643992
-12 0.17494331065759638
-12 0.005034013605442177
-16 0.3462131519274376
-16 2.2675736961451248E-5
-12 0.19657596371882086
-17 0.008616780045351474
-14 0.35192743764172335
-17 2.2675736961451248E-5
-14 0.2166439909297052
-17 0.01038548752834467
-14 0.36104308390022677
-14 0.0014512471655328798
-17 0.24616780045351475
-14 2.2675736961451248E-5
-17 0.37140589569161
-14 2.2675736961451248E-5
-17 0.2166439909297052
-14 2.2675736961451248E-5
-17 1.2380725623582767
-16 0.4535374149659864
-14 0.22741496598639455
-12 0.49523809523809526
-14 0.4642857142857143
-12 0.30952380952380953
-11 0.49523809523809526
-12 0.23421768707482993
-14 0.508639455782313
-16 0.5289795918367347
-14 0.2757823129251701
-12 0.5571428571428572
-21 0.5571428571428572
-21 0.8047619047619048
-21 0.21666666666666667
-21 1.4985034013605443
-21 0.6062585034013606
-16 2.2675736961451248E-5
