6 0.27
6 0.27
6 0.3
6 0.62
4 0.59
2 0.62
-1 0.24
-1 0.32
6 0.27
4 0.57
4 0.59
-1 0.32
-1 0.27
-3 0.89
4 1.13
4 0.3
6 0.27
2 0.57
1 0.62
1 0.32
-1 0.3
-1 0.3
-1 0.31
6 0.58
4 0.59
2 0.62
-1 0.32
-1 0.32
6 0.32
4 0.57
4 0.57
-1 0.33
-1 0.34
-3 0.9
4 1.2
4 0.3
6 0.3
2 0.59
1 0.65
1 0.32
-1 0.3
-1 0.32
-1 0.3
3 0.3
6 0.3
6 0.32
4 0.35
6 1.18
4 0.32
4 0.3
4 0.3
2 0.3
4 1.16
-1 0.27
4 0.32
4 0.32
4 0.3
2 0.32
4 0.54
4 0.32
2 0.35
4 0.3
2 0.32
4 0.3
6 0.32
4 0.3
2 0.3
-1 0.57
4 0.3
6 0.3
6 0.3
4 0.32
6 0.54
-1 0.59
4 0.3
4 0.35
4 0.32
2 0.3
4 1.13
4 0.32
4 0.3
4 0.31
2 0.31
4 0.27
2 0.3
-1 0.3
-1 0.3
4 0.32
2 0.28
4 0.34
6 0.32
4 0.3
2 0.35
-1 0.62
6 0.32
6 0.3
4 0.35
4 0.32
6 0.57
11 0.59
6 0.62
4 1.24
2 0.86
-3 0.27
-1 0.34
-1 0.32
-1 0.59
-3 0.57
4 0.62
2 0.57
1 0.54
-1 0.54
6 0.3
6 0.3
4 0.3
4 0.3
6 0.54
11 0.62
6 0.65
4 1.18
2 1.0
-3 0.32
-1 0.3
-1 0.32
-1 0.59
-3 0.62
4 0.59
2 0.65
1 0.7
-1 1.56
