-9 0.4
-9 0.4
-4 0.5
-4 0.5
-4 1.6

-16 0.3
-4 0.15
-4 0.15
-4 0.15
-6 0.15
-4 0.15
-3 0.15
-1 0.15
0 0.15
-1 0.15
-3 0.15
-4 0.3
-4 0.6

-4 0.15
-4 0.15
-4 0.15
-6 0.15
-4 0.15
-3 0.15
-1 0.15
0 0.15
-1 0.15
-3 0.15
-4 0.3
-6 0.6

-4 0.15
-4 0.15
-4 0.15
-6 0.15
-4 0.15
-3 0.15
-1 0.15
0 0.15
-1 0.15
-3 0.15
-4 0.3
-4 0.3

-4 0.15
-4 0.3
-3 0.15
-3 0.3
-1 0.15
-1 0.3

0 0.15
0 0.3
3 0.15
0 0.15
-1 0.15
-3 0.15


-16 0.3
-4 0.15
-4 0.15
-4 0.15
-6 0.15
-4 0.15
-3 0.15
-1 0.15
0 0.15
-1 0.15
-3 0.15
-4 0.3
-4 0.6

-4 0.15
-4 0.15
-4 0.15
-6 0.15
-4 0.15
-3 0.15
-1 0.15
0 0.15
-1 0.15
-3 0.15
-4 0.3
-6 0.6

-4 0.15
-4 0.15
-4 0.15
-6 0.15
-4 0.15
-3 0.15
-1 0.15
0 0.15
-1 0.15
-3 0.15
-4 0.3
-4 0.3

-4 0.15
-4 0.3
-3 0.15
-3 0.3
-1 0.15
-1 0.3

0 0.15
0 0.3
3 0.15
0 0.15
-1 0.15
-3 0.15
