12 0.15
11 0.15
12 0.15
7 0.15
5 0.15
7 0.15
8 0.15
10 0.15
8 0.15
7 0.15
5 0.15
3 0.15
2 0.15
1 0.15
2 0.15
7 0.15
5 0.15
4 0.15
2 0.15
4 0.15
5 0.15
4 0.15
2 0.15
4 0.15
0 3.45

7 0.15
12 1.2
12 0.15
11 0.3
11 0.15
7 0.3
7 0.15
9 0.3
9 0.15
4 0.45
4 0.75
4 0.15
2 0.3
0 0.15
0 0.75
4 0.15
2 0.3
0 0.15
0 1.65

7 0.15
12 1.2
12 0.15
11 0.3
11 0.15
7 0.3
7 0.15
9 0.3
9 0.15
4 0.45
4 0.75
4 0.15
2 0.3
0 0.15
0 0.75
4 0.15
2 0.3
0 0.15
0 1.65