-1 0.24
-5 0.24
-3 0.24
-5 0.24
-3 0.24
-1 0.48
-5 0.72
-8 0.24
-5 0.48
-1 0.48
-3 0.24
-5 0.24
-3 0.24
-5 0.96
-6 0.24
-5 0.48
-5 1.68

-1 0.24
-5 0.24
-3 0.24
-3 0.48
-3 0.72
-8 0.24
-8 0.24
-8 0.24
-5 0.48
-1 0.48
-3 0.24
-5 0.24
-3 0.24
-5 0.96
-6 0.24
-5 0.24
-6 0.24
-5 1.68

-1 0.24
-1 0.24
0 0.24
-1 0.48
-3 0.72
-5 0.24
-5 0.24
-5 0.24
-1 0.48
0 0.24
-1 1.92
-6 0.24
-5 0.48
-5 1.68

-1 0.24
-5 0.24
-3 0.72
-8 0.24
-5 0.24
-5 0.24
-5 0.24
-5 0.24
-5 0.24
-10 0.24
-10 0.24
-1 0.48
-3 0.24
-5 0.24
-3 0.24
-5 0.96
-6 0.24
-5 0.24
-6 0.24
-5 0.48

-5 0.24
-1 0.24
2 0.24
4 0.24
2 0.24
2 0.24
-1 0.24
4 0.48
2 0.24
-1 0.24
-3 0.24
-5 0.24
-1 1.20

2 0.24
4 0.48
2 0.48
4 0.48
2 0.48
4 0.24
7 0.24
7 0.24
9 0.24
11 0.96

4 0.24
7 0.48
7 0.72
7 0.24
6 0.48
6 0.24
6 0.24
7 0.24
7 0.72

2 0.24
4 0.24
7 0.48
7 0.48
7 0.24
7 0.24
2 0.24
2 0.24
2 0.24
9 0.48
7 0.96

4 0.24
4 0.24
7 0.24
9 0.24
11 0.48
2 0.24
2 0.24
4 0.24
4 0.12
9 0.36
4 0.24
7 0.24
4 0.48

11 0.24
12 0.24
11 0.24
9 0.24
7 0.24
11 0.72
11 0.24
12 0.24
11 0.24
9 0.24
7 0.24
4 0.24
7 0.48
7 1.44
