-21 0.8
-10 0.8
-14 0.8
-10 0.8

-21 0.8
-10 0.8
-14 0.8
-10 0.8

-21 0.8
-10 0.8
-14 0.8
-10 0.8

-21 0.8
-10 0.8
-14 0.8
-10 0.8

-21 0.8
-10 0.8
-14 0.8
-10 0.8

-21 0.8
-10 0.8
-14 0.8
-10 0.8

-21 0.8
-10 0.8
-14 0.8
-10 0.8

-21 0.8
-10 0.8
-14 0.8
-10 0.8

-10 0.4
-9 0.4
-7 0.4
-5 0.8
-7 0.8
-10 0.4

-9 1.6
-14 0.8
-10 0.8

-10 0.4
-5 0.4
-7 0.4
-5 0.8
-2 0.8
-5 1.2
-7 1.6
-10 0.8

-4 0.4
-5 0.8
-9 0.8
-12 0.4
-9 0.8

-10 0.4
-14 0.8
-5 0.8
-7 0.4
-17 0.8


-4 0.4
-5 0.8
-9 0.8
-12 0.4
0 0.8

-2 0.8
-5 0.4
-7 0.8
-10 0.4
-14 1.6

-2 0.8
-5 0.8
-2 1.65

-2 0.85
-5 0.85
-2 1.75

-2 0.9
-5 0.9
-2 1.9

-2 1.0
-5 1.0
-2 2.0