-4 0.28
-4 0.42
-5 0.28
-5 0.14
-5 0.14
-5 0.14
-5 0.14
-4 0.70

-4 0.28
-4 0.42
-5 0.28
-5 0.14
-5 0.14
-5 0.14
-5 0.14
-4 0.70

-4 0.28
-4 0.42
-5 0.28
-5 0.14
-5 0.14
-5 0.14
-5 0.14
-4 0.42

-4 0.14
-2 0.14
-2 0.14
-2 0.14
-4 0.28
-4 0.14
-5 0.28
-5 0.14
-5 0.14
-5 0.14
-5 0.14
-4 0.70

-4 0.28
-4 0.42
-5 0.28
-5 0.14
-5 0.14
-5 0.14
-5 0.14
-4 0.70

-4 0.28
-4 0.42
-5 0.28
-5 0.14
-5 0.14
-5 0.14
-5 0.14
-4 0.70

-4 0.28
-4 0.42
-5 0.28
-5 0.14
-5 0.14
-5 0.14
-5 0.14
-4 0.42

-4 0.14
-2 0.14
-2 0.14
-2 0.14
-4 0.28
-4 0.14
-5 0.28
-5 0.14
-5 0.14
-5 0.14
-5 0.14
-4 0.42



-7 0.84
-7 0.28
-5 0.56
-4 0.56

-11 0.84
-11 0.28
-5 0.56
-4 0.56

-9 0.56
-7 0.56
-5 0.56
-4 0.56
-2 0.56
-4 0.56
-5 0.56
-4 0.56

-7 0.84
-7 0.28
-5 0.56
-4 0.56

-11 0.84
-11 0.28
-5 0.56
-4 0.56

-9 0.56
-7 0.56
-5 0.56
-4 0.56
-2 0.56
-4 0.56
-5 0.56
-4 0.84



0 0.14
0 0.14
0 0.14
0 0.14
0 0.14
0 0.14
0 0.14
0 0.28
0 0.42
3 0.28
1 0.28

1 0.28
1 0.14
1 0.14
1 0.14
1 0.14
1 0.14
1 0.28
1 0.42
1 0.28
0 0.28

0 0.14
0 0.14
0 0.28
0 0.14
0 0.14
0 0.14
0 0.28
0 0.42
0 0.28
-2 0.28

-2 0.14
-2 0.14
-2 0.14
-2 0.14
-2 0.14
-2 0.14
0 0.14
-2 0.28
-2 0.42
-2 0.28
0 0.28

0 0.14
0 0.14
0 0.14
0 0.14
0 0.28
0 0.14
0 0.28
0 0.42
3 0.28
1 0.28

1 0.14
1 0.14
1 0.14
1 0.14
1 0.14
1 0.14
1 0.14
1 0.28
1 0.70

3 0.28
3 0.28
3 0.56
3 0.14
3 0.28
3 0.70
3 0.28
3 0.28
3 0.14
3 0.28
3 0.70



0 0.28
3 0.28
5 0.56

5 0.0001
3 0.5599

5 0.0001
0 0.5599

0 0.28
3 0.28

1 0.0001
5 1.6799

0 0.28
3 0.28
3 0.56

3 0.0001
1 0.5599

3 0.0001
0 0.5599

0 0.28
3 0.28

-2 0.0001
3 1.6799

0 0.28
3 0.28
5 0.56

5 0.0001
3 0.5599

5 0.0001
0 0.5599

0 0.28
3 0.28

1 0.0001
5 1.6799

0 0.28
3 0.28
3 0.56

3 0.0001
1 0.5599

3 0.0001
0 0.5599

0 0.28
3 0.28

-2 0.0001
3 1.6799

5 0.28
3 0.28
5 0.28
3 0.28
5 0.28
3 0.28
5 0.28
3 0.28

5 0.28
3 0.14
5 0.28
3 0.14
5 0.28

5 0.0001
-7 2.2399