-20 0
-13 0
-8 0
-1 0
4 0.4
-20 0
-13 0
-8 0
-1 0
4 0.4
-20 0
-13 0
-8 0
-1 0
4 0.4
-20 0
-13 0
-8 0
-1 0
4 0.2



-18 0
-11 0
-6 0
4 0
-1 0.4
-18 0
-11 0
-6 0
-1 0
4 0.4
-18 0
-11 0
-6 0
-1 0
4 0.2
-18 0
-11 0
-6 0
4 0
-1 0.4
-18 0
-11 0
-6 0
-1 0
4 0.4



-18 0
-13 0
-9 0
-1 0
3 0.4
-18 0
-13 0
-9 0
-1 0
3 0.4
-18 0
-13 0
-9 0
-1 0
3 0.4
-18 0
-13 0
-9 0
3 0
-1 0.2



-16 0
-13 0
-9 0
3 0
-1 0.4

-16 0
-13 0
-9 0
-1 0
3 0.4

-16 0
-13 0
-9 0
3 0
-1 0.2

-16 0
-13 0
-9 0
-1 0
3 0.4

-16 0
-13 0
-9 0
-1 0
3 0.4



-20 0
-13 0
-8 0
4 0.4
-1 0

-20 0
-13 0
-8 0
4 0.4
4 0

-20 0
-13 0
-8 0
-1 0.4
-1 0

-20 0
-13 0
-8 0
4 0.2
4 0



-18 0
-11 0
-6 0
-1 0.4
-1 0

-18 0
-11 0
-6 0
4 0.4
-1 0

-18 0
-11 0
-6 0
4 0.2
-1 0

-18 0
-11 0
-6 0
4 0.4
-1 0

-18 0
-11 0
-6 0
4 0.4
-1 0

-18 0
-13 0
-8 0
3 0.4
-1 0

-18 0
-13 0
-8 0
3 0.4
-1 0

-18 0
-13 0
-8 0
3 0.4
-1 0

-18 0
-13 0
-8 0
3 0.2
-1 0



-16 0
-13 0
-9 0
3 0.4
-1 0


-16 0
-13 0
-9 0
3 0.4

-16 0
-13 0
-9 0
3 0.2

-16 0
-13 0
-9 0
3 0.4

-16 0
-13 0
-9 0
3 0.4



3 0
-20 0
-13 0
-8 0.4
-20 0
-13 0
-8 0.4
-20 0
-13 0
-8 0.4
4 0
-20 0
-13 0
-8 0.2



-18 0
-11 0
-6 0
1 0.4
-18 0
-11 0
-6 0.4
-18 0
-11 0
-6 0.2
-18 0
-11 0
-6 0.2
1 0.2
-18 0
-11 0
-6 0.2
-1 0.2



-18 0
-13 0
-9 0
1 0.4
-18 0
-13 0
-9 0
1 0.20
-1 0.20
-18 0
-13 0
-9 0
3 0.4
-18 0
-13 0
-9 0
-6 0.2
-18 0
-13 0
-9 0
-4 0.40




-18 0
-13 0
-9 0
3 0.2
3 0.2
-18 0
-13 0
-9 0
3 0.2
-18 0
-13 0
-9 0
3 0.2
3 0.2
-18 0
-13 0
-9 0
3 0.4



-20 0
-13 0
-8 0
3 0.4
-20 0
-13 0
-8 0.4
-20 0
-13 0
-8 0.4
-20 0
-13 0
-8 0
4 0.2
-18 0
-11 0
-6 0
1 0.4
-18 0
-11 0
-6 0.4
-18 0
-11 0
-6 0.2
-18 0
-11 0
-6 0.2
1 0.2
-18 0
-11 0
-6 0
-1 0.2



-18 0
-13 0
-9 0
1 0.4
-18 0
-13 0
-9 0
1 0.4
-18 0
-13 0
-9 0
1 0.4
-18 0
-13 0
-9 0
3 0.2
-16 0
-13 0
-9 0
-1 0.2



-2 0.2
-16 0
-13 0
-9 0
-4 0.4
-16 0
-13 0
-9 0.2
-16 0
-13 0
-9 0.4
-16 0
-13 0
-9 0.4



-20 0
-13 0
-8 0
-1 0
4 0.4
-20 0
-13 0
-8 0
-1 0
4 0.4
-20 0
-13 0
-8 0
-1 0
4 0.4
-20 0
-13 0
-8 0
4 0
-1 0.2
-18 0
-11 0
-6 0
-2 0
4 0.4



-18 0
-11 0
-6 0
-2 0
4 0.4
-18 0
-11 0
-6 0
-2 0
4 0.2
-18 0
-11 0
-6 0
-2 0
4 0.4
-18 0
-11 0
-6 0
-2 0
4 0.4



-18 0
-13 0
-9 0
-1 0
3 0.4
-18 0
-13 0
-9 0
-1 0
3 0.4
-18 0
-13 0
-9 0
3 0
-1 0.4
-18 0
-13 0
-9 0
-1 0
3 0.2
-16 0
-13 0
-9 0
-2 0
3 0.4



-16 0
-13 0
-9 0
-2 0
3 0.4
-16 0
-13 0
-9 0
3 0
-2 0.2
-16 0
-13 0
-9 0
3 0
-2 0.4
-16 0
-13 0
-9 0
-2 0
3 0.4


-20 0
-13 0
-8 0
-1 0
4 0.4
-20 0
-13 0
-8 0
-1 0
4 0.4
-20 0
-13 0
-8 0
4 0
-1 0.4
-20 0
-13 0
-8 0
-1 0
4 0.2
-18 0
-11 0
-6 0
-2 0
4 0.4



-18 0
-11 0
-6 0
4 0
-2 0.4
-18 0
-11 0
-6 0
4 0
-2 0.2
-18 0
-11 0
-6 0
-2 0
4 0.4
-18 0
-11 0
-6 0
-2 0
4 0.4



-18 0
-13 0
-9 0
-1 0
3 0.4
-18 0
-13 0
-9 0
-1 0
3 0.4
-18 0
-13 0
-9 0
-1 0
3 0.4
-18 0
-13 0
-9 0
-1 0
3 0.2
-16 0
-13 0
-9 0
-2 0
3 0.4



-16 0
-13 0
-9 0
-2 0
3 0.4
-16 0
-13 0
-9 0
3 0.2
-16 0
-13 0
-9 0
3 0.4
-16 0
-13 0
-9 0
3 0.4



-20 0
-13 0
-8 0
3 0.4
-20 0
-13 0
-8 0.4
-20 0
-13 0
-8 0.4
-20 0
-13 0
-8 0
4 0.2
-18 0
-11 0
-6 0
1 0.4


-18 0
-11 0
-6 0.4
-18 0
-11 0
-6 0.2
-18 0
-11 0
-6 0.2
1 0.2
-18 0
-11 0
-6 0.2
-1 0.2



1 0.2
-18 0
-13 0
-9 0.2
1 0.2
-18 0
-13 0
-9 0
-1 0.2
1 0.2
-18 0
-13 0
-9 0
1 0.2
-16 0
-13 0
-9 0
3 0.2
-1 0.4


-16 0
-13 0
-9 0
-2 0.2
-4 0.2
-16 0
-13 0
-9 0.2
-16 0
-13 0
-9 0
3 0.2
3 0.2
-16 0
-13 0
-9 0
3 0.2
3 0.2


-20 0
-13 0
-8 0
3 0.4
-20 0
-13 0
-8 0.4
-20 0
-13 0
-8 0.2
4 0.2
-20 0
-13 0
-8 0.2
-18 0
-11 0
-6 0
1 0.4



-18 0
-11 0
-6 0.4
-18 0
-11 0
-6 0.2
-18 0
-11 0
-6 0.4
-18 0
-11 0
-6 0
-1 0.2
-1 0.2


-18 0
-13 0
-9 0
3 0.2
1 0.2
-18 0
-13 0
-9 0
-1 0.2
-1 0.2
-18 0
-13 0
-9 0.4
-18 0
-13 0
-9 0
3 0.2
-16 0
-13 0
-9 0
1 0.2



-1 0.2
-16 0
-13 0
-9 0
-1 0.4



-16 0
-13 0
-9 0
-4 0
8 0.2
-16 0
-13 0
-9 0
-4 0
8 0.2
-4 0
8 0.2
-16 0
-13 0
-9 0
-4 0
8 0.2



-20 0
-13 0
-8 0
-4 0
8 0.4
-20 0
-13 0
-8 0.4
-20 0
-13 0
-8 0.4
-20 0
-13 0
-8 0
-4 0
4 0.2
-18 0
-11 0
-6 0
-2 0
6 0.4



-18 0
-11 0
-6 0.4
-18 0
-11 0
-6 0.2
-18 0
-11 0
-6 0.2
-2 0
6 0.2
-18 0
-11 0
-6 0.2
-2 0
6 0.2



-18 0
-13 0
-9 0
-6 0
6 0.4
-18 0
-13 0
-9 0.2
-6 0
6 0.2
-18 0
-13 0
-9 0
-6 0
6 0.4
-18 0
-13 0
-9 0
-6 0
4 0.2
-16 0
-13 0
-9 0.2



-4 0
3 0.2
-16 0
-13 0
-9 0.2
3 0.2
-16 0
-13 0
-9 0
3 0.2
-16 0
-13 0
-9 0
3 0.2
-16 0
-13 0
-9 0
3 0.2
3 0.2
-16 0
-13 0
-9 0
3 0.2
3 0.2



-20 0
-13 0
-8 0
3 0.4
-20 0
-13 0
-8 0.4
-20 0
-13 0
-8 0.2
4 0.2
-20 0
-13 0
-8 0.2
-18 0
-11 0
-6 0
1 0.4



-18 0
-11 0
-6 0.4
-18 0
-11 0
-6 0.2
-18 0
-11 0
-6 0.2
-1 0.2
-18 0
-11 0
-6 0
-1 0.4



-18 0
-13 0
-9 0
3 0.2
1 0.2
-18 0
-13 0
-9 0
-1 0.2
-1 0.2
-18 0
-13 0
-9 0.2
-1 0.2
-18 0
-13 0
-9 0
3 0.2
-16 0
-13 0
-9 0
1 0.2



-1 0.2
-1 0.2
-16 0
-13 0
-9 0
-1 0.4
-16 0
-13 0
-9 0.2
-16 0
-13 0
-9 0.4
-16 0
-13 0
-9 0.2
6 0.2




-20 0
-13 0
-8 0
8 0.4
-20 0
-13 0
-8 0
8 0.4
-20 0
-13 0
-8 0
8 0.2
6 0.2
-20 0
-13 0
-8 0
8 0.2
-18 0
-11 0
-6 0
6 0.4



-18 0
-11 0
-6 0.2
-11 0.2
-18 0
-11 0
-6 0
3 0.2
-18 0
-11 0
-6 0.2
4 0.2
-18 0
-11 0
-6 0.4



-18 0
-13 0
-9 0
6 0.4
-18 0
-13 0
-9 0
6 0.4
-18 0
-13 0
-9 0
6 0.2
3 0.2
-18 0
-13 0
-9 0
6 0.2
-16 0
-13 0
-9 0
3 0.4



-16 0
-13 0
-9 0.2
-4 0.2
-16 0
-13 0
-9 0
-2 0.2	
-16 0
-13 0
-9 0.2
-2 0.2
-16 0
-13 0
-9 0.4



-20 0
-13 0
-8 0
8 0.4
-20 0
-13 0
-8 0
8 0.4
-20 0
-13 0
-8 0
8 0.4
-20 0
-13 0
-8 0
8 0.2
6 0.2
-20 0
-13 0
-8 0
8 0.2
-18 0
-11 0
-6 0
6 0.4



-18 0
-11 0
-6 0.2
1 0.2
-18 0
-11 0
-6 0
3 0.2
-18 0
-11 0
-6 0.2
4 0.2
-18 0
-11 0
-6 0.2
3 0.2



-18 0
-13 0
-9 0
6 0.2
3 0.2
-18 0
-13 0
-9 0
6 0.4
-18 0
-13 0
-9 0
6 0.2
3 0.2
-18 0
-13 0
-9 0
6 0.2
-16 0
-13 0
-9 0
3 0.4



-16 0
-13 0
-9 0
-4 0.2
-4 0.2
-16 0
-13 0
-9 0
-2 0.2	
-16 0
-13 0
-9 0.2
-2 0.2
-16 0
-13 0
-9 0.4



-20 0
-13 0
-8 0
8 0.4
-20 0
-13 0
-8 0
8 0.4
-20 0
-13 0
-8 0
8 0.4
-20 0
-13 0
-8 0
8 0.2
6 0.2
-20 0
-13 0
-8 0
8 0.2
-18 0
-11 0
-6 0
6 0.4



-18 0
-11 0
-6 0
10 0.4
-18 0
-11 0
-6 0
10 0.2
-18 0
-11 0
-6 0.4
-18 0
-11 0
-6 0.4



-18 0
-13 0
-9 0
6 0.4
-18 0
-13 0
-9 0
6 0.4
-18 0
-13 0
-9 0
6 0.4
-18 0
-13 0
-9 0
6 0.2
-16 0
-13 0
-9 0
3 0.2



4 0.2
-16 0
-13 0
-9 0
3 0.4
-16 0
-13 0
-9 0.2
-16 0
-13 0
-9 0
3 0.2
3 0.2
-16 0
-13 0
-9 0
3 0.2
3 0.2



-20 0
-13 0
-8 0.4
-20 0
-13 0
-8 0.4
-20 0
-13 0
-8 0.2
4 0.2
-20 0
-13 0
-8 0.2
-18 0
-11 0
-6 0
1 0.4



-18 0
-11 0
-6 0.4
-18 0
-11 0
-6 0.2
-18 0
-11 0
-6 0.2
-1 0.2
-18 0
-11 0
-6 0
-2 0.2
-1 0.2



-18 0
-13 0
-9 0
-2 0.2
-2 0.2
-18 0
-13 0
-9 0.4
-18 0
-13 0
-9 0
3 0.2
-18 0
-13 0
-9 0
-2 0.2
-16 0
-13 0
-8 0
-1 0.6



-20 0
-13 0
-8 0
-1 0
4 0.2
-4 0.2
-20 0
-13 0
-8 0
-1 0
4 0.2
-4 0.2
-20 0
-13 0
-8 0
-1 0
4 0.2
-4 0.2
-20 0
-13 0
-8 0
-1 0
4 0.2
-18 0
-11 0
-6 0
-4 0.2



-1 0
4 0.2
-18 0
-11 0
-6 0
-4 0.2
-1 0
4 0.2
-18 0
-11 0
-6 0
-4 0.2
-18 0
-11 0
-6 0
-1 0
4 0.2
-4 0.2
-18 0
-11 0
-6 0
-1 0
4 0.2
-4 0.2



-18 0
-13 0
-9 0
-1 0
3 0.2
-6 0.2
-18 0
-13 0
-9 0
-1 0
3 0.2
-6 0.2
-18 0
-13 0
-9 0
-1 0
3 0.2
-6 0.2
-18 0
-13 0
-9 0
-1 0
3 0.2
-16 0
-13 0
-9 0
-6 0.2



-1 0
3 0.2
-16 0
-13 0
-9 0
-6 0.2
-1 0
3 0.2
-16 0
-13 0
-9 0
-6 0.2
-16 0
-13 0
-9 0
-1 0
3 0.2
-6 0.2
-16 0
-13 0
-9 0
-1 0
3 0.2
-6 0.2



-20 0
-13 0
-8 0
-1 0
4 0.2
-4 0.2
-20 0
-13 0
-8 0
-1 0
4 0.2
-4 0.2
-20 0
-13 0
-8 0
-1 0
4 0.2
-4 0.2
-20 0
-13 0
-8 0
-1 0
4 0.2
-18 0
-11 0
-6 0
-4 0.2



-1 0
4 0.2
-18 0
-11 0
-6 0
-4 0.2
-1 0
4 0.2
-18 0
-11 0
-6 0
-4 0.2
-18 0
-11 0
-6 0
-1 0
4 0.2
-4 0.2
-18 0
-11 0
-6 0
-1 0
4 0.2
-4 0.2



-18 0
-13 0
-9 0
-1 0
3 0.2
-6 0.2
-18 0
-13 0
-9 0
-1 0
3 0.2
-6 0.2
-18 0
-13 0
-9 0
-1 0
3 0.2
-6 0.2
-18 0
-13 0
-9 0
-1 0
3 0.2
-16 0
-13 0
-9 0
-6 0.2


-20 0
-13 0
-8 0.4
-20 0
-13 0
-8 0.4
-20 0
-13 0
-8 0.2
4 0.2
-20 0
-13 0
-8 0.2
-18 0
-11 0
-6 0
1 1.2





-1  0.2
-2 0.2
-1 0.2
-18 0
-13 0
-9 0
-2 0.2
-2 0.6
3 0.4
-2 0.2
-16 0
-13 0
-9 0
-1 1.8



-20 0
-13 0
-8 0
-4 0
3 1.6



-18 0
-11 0
-6 0
-2 0
4 1.6



-18 0
-13 0
-9 0
-6 0
3 1.6



-16 0
-13 0
-9 0
-4 0
3 1.6



-20 0
-13 0
-8 0
-4 0
3 1.6



-18 0
-11 0
-6 0
-2 0
4 1.6



-18 0
-13 0
-9 0
-6 0
3 1.6



-16 0
-13 0
-9 0
-4 0
3 1.6